idx,alpha = 1,alpha = 3,alpha = 5
k = 1,0.22512188030604055,0.5695759883121969,0.7051292794336629
k = 3,0.21590127470906495,0.5979725567438157,0.7218379113442451
k = 5,0.24325042554923043,0.6192698021996055,0.7316888815821846
